1.1652323 0.2787527 0.2514211 0.4047194 0.4018289 0.2742441 0.4598199 0.4633846 0.4133806 0.4063589 0.2532083 0.9714774 0.2742359 0.2622812 0.2677455 0.2791463 0.2578842 0.2762854 0.2528195 0.2587616 -0.1690632 -0.1712967 -0.1684833 -0.1701604 -0.1715970 -0.1719336 -0.1706657 -0.1686439 -0.1697576 0.0975032 0.1042063 0.1060598 0.1016347 0.1110492 0.1158466 0.1039138 0.0963249 0.1132035 -0.1597115 -0.1586820 -0.1602871 -0.1636515 -0.1563507 -0.1608897 -0.1573084 -0.1623526 -0.1625938 -0.0803729 -0.0737859 -0.0717704 -0.0756247 -0.0714618 -0.0770263 -0.0817178 -0.0717761 -0.0694766 -0.0026517 -0.0105127 -0.0171945 -0.0039629 -0.0055521 -0.0174377 -0.0076652 -0.0105955 -0.0015020 -0.0032279 0.2227256 0.2501420 0.2962163 0.2639197 0.2523471 -0.1272965 -0.1290897 -0.1389051 -0.1430773 -0.1538281 0.3485297 0.2766490 0.2901745 0.3037684 0.3031025 0.2880385 -0.0991419 -0.1045061 -0.1239986 -0.1397885 -0.1052195 -0.1231465 0.1079625 0.1043191 0.0894672 0.1067850 -0.1164869 -0.1263829 -0.1218940 -0.1590447 -0.1526938 -0.1554232 -0.1482712 -0.1359015 -0.1340802 -0.1356960 -0.1276186 -0.0602229 -0.1257538 -0.1273711 -0.1333403 -0.1386763 -0.1295356 -0.1396129 -0.1539315 0.0794847 0.0894811 0.2834264 0.3005067 0.3008473 0.2816230 0.1373073 0.1296472 -0.0916498 -0.0830978 -0.0922928 -0.0979229 -0.0924466 -0.0853613 -0.0986075 -0.0920852 -0.0808854 -0.0811601 -0.0878520 -0.0938535 -0.0749860 -0.0947252 -0.0899846 -0.1872365 -0.1889946 -0.1932099 -0.1912784 -0.1912298 -0.1909421 -0.1918076 -0.1929656 -0.1929079 -0.1857312 -0.1875604 -0.1897896 -0.1918112 -0.1922166 -0.1955379 -0.1904680 -0.1504955 -0.1472088 -0.1554093 -0.1474539 -0.1438692 -0.1522698 -0.1495681 -0.1519408
0.2787527 1.1035861 0.2903934 0.2702906 0.2720672 0.3073424 0.2754288 0.2769237 0.2714757 0.2668801 0.2972403 0.2764235 0.3051309 0.2930465 0.3100991 0.2979113 0.3121688 0.3070913 0.3193415 0.2999676 -0.1389309 -0.1410015 -0.1378762 -0.1408957 -0.1400234 -0.1433945 -0.1402803 -0.1391520 -0.1402684 0.0931806 0.1039631 0.0980914 0.1014103 0.1041189 0.1014588 0.0960541 0.0944048 0.1091385 -0.1347651 -0.1383373 -0.1341701 -0.1397620 -0.1363956 -0.1386813 -0.1356633 -0.1381934 -0.1391937 -0.0559075 -0.0535281 -0.0575725 -0.0564954 -0.0542681 -0.0537633 -0.0576704 -0.0510310 -0.0514627 0.0010349 -0.0021811 -0.0110305 -0.0078708 -0.0080111 -0.0112442 -0.0099293 -0.0014318 -0.0021428 -0.0004197 0.1612173 0.1900541 0.2162599 0.1957931 0.1891536 -0.1035193 -0.1043778 -0.1127409 -0.1197762 -0.1288893 0.2499534 0.1995730 0.2081879 0.2212516 0.2168851 0.2079327 -0.0896476 -0.0937141 -0.1097526 -0.1227839 -0.0938598 -0.1080064 0.0899141 0.0871585 0.0731444 0.0839827 -0.0969639 -0.1043733 -0.0993211 -0.1293681 -0.1251710 -0.1275817 -0.1211876 -0.1111688 -0.1104690 -0.1108378 -0.1040926 -0.0404765 -0.1112756 -0.1114936 -0.1152081 -0.1222379 -0.1130220 -0.1221745 -0.1330917 0.0666831 0.0737039 0.2062082 0.2210035 0.2184722 0.2051832 0.1151014 0.1114591 -0.0669546 -0.0573653 -0.0624625 -0.0675464 -0.0680057 -0.0570238 -0.0689427 -0.0656161 -0.0612236 -0.0518317 -0.0622269 -0.0638172 -0.0487894 -0.0649800 -0.0627799 -0.1613225 -0.1649217 -0.1646576 -0.1622781 -0.1632179 -0.1662814 -0.1609167 -0.1632349 -0.1650072 -0.1584589 -0.1614731 -0.1657276 -0.1651121 -0.1632617 -0.1649914 -0.1617782 -0.1239617 -0.1185335 -0.1249357 -0.1197146 -0.1222432 -0.1220884 -0.1238901 -0.1257443
0.2514211 0.2903934 1.0921683 0.2538509 0.2556600 0.2953926 0.2532011 0.2636042 0.2513168 0.2515232 0.2993337 0.2495437 0.2940748 0.2899160 0.3048149 0.3058741 0.2848044 0.2955096 0.2899540 0.2956996 -0.1387008 -0.1403058 -0.1370019 -0.1374325 -0.1400285 -0.1394155 -0.1446891 -0.1381764 -0.1419267 0.1006817 0.1066691 0.1001394 0.0999023 0.1117290 0.1078952 0.1010969 0.0916862 0.1102868 -0.1325701 -0.1307602 -0.1338094 -0.1403674 -0.1332062 -0.1316258 -0.1310797 -0.1344372 -0.1365295 -0.0519906 -0.0459448 -0.0504548 -0.0539630 -0.0456690 -0.0525592 -0.0540576 -0.0475083 -0.0457040 -0.0012145 -0.0097306 -0.0125307 0.0004430 -0.0035240 -0.0127128 -0.0119145 -0.0061204 -0.0010592 -0.0058341 0.1576248 0.1856974 0.2076985 0.1905837 0.1822748 -0.1041938 -0.1047228 -0.1126202 -0.1180202 -0.1281678 0.2362448 0.1929827 0.1979177 0.2097400 0.2036785 0.1988746 -0.0874837 -0.0902721 -0.1064116 -0.1195956 -0.0911199 -0.1064668 0.0892486 0.0854215 0.0743648 0.0822274 -0.0906027 -0.0989694 -0.0945612 -0.1286292 -0.1234044 -0.1253755 -0.1210003 -0.1083577 -0.1068057 -0.1080421 -0.1033130 -0.0357751 -0.1081090 -0.1081451 -0.1116650 -0.1185316 -0.1100404 -0.1180304 -0.1289742 0.0691771 0.0761097 0.1973563 0.2087409 0.2098065 0.1945070 0.1148950 0.1132212 -0.0534061 -0.0479419 -0.0561907 -0.0635884 -0.0543156 -0.0512546 -0.0650257 -0.0584970 -0.0529901 -0.0482886 -0.0564401 -0.0595081 -0.0422414 -0.0621840 -0.0561288 -0.1575038 -0.1622565 -0.1628646 -0.1583373 -0.1577785 -0.1591969 -0.1591344 -0.1566560 -0.1613572 -0.1569778 -0.1608729 -0.1576700 -0.1623173 -0.1612315 -0.1626473 -0.1600711 -0.1225820 -0.1174113 -0.1263803 -0.1205091 -0.1229505 -0.1243662 -0.1231296 -0.1252971
0.4047194 0.2702906 0.2538509 1.1462090 0.3981613 0.2743665 0.4008968 0.4021618 0.3915318 0.4017008 0.2491681 0.4037059 0.2597049 0.2656080 0.2568964 0.2750537 0.2612126 0.2759593 0.2606971 0.2519106 -0.1613709 -0.1628094 -0.1577281 -0.1617572 -0.1621462 -0.1633248 -0.1635601 -0.1612207 -0.1627457 0.1249802 0.1334716 0.1274274 0.1275178 0.1293198 0.1363974 0.1251759 0.1258601 0.1391598 -0.1559717 -0.1538239 -0.1585524 -0.1576937 -0.1505527 -0.1580305 -0.1567072 -0.1602620 -0.1570124 -0.0749336 -0.0693173 -0.0722847 -0.0769420 -0.0692761 -0.0707603 -0.0764861 -0.0698227 -0.0676693 -0.0016955 -0.0052291 -0.0161722 -0.0021897 -0.0043557 -0.0164479 -0.0091233 -0.0053751 0.0011153 -0.0017413 0.2184660 0.2462517 0.2812121 0.2567795 0.2459557 -0.1240053 -0.1259225 -0.1354344 -0.1363212 -0.1465060 0.3242241 0.2614483 0.2720251 0.2827053 0.2804352 0.2720002 -0.0954760 -0.1014916 -0.1199065 -0.1331474 -0.0999688 -0.1184621 0.1118975 0.1067709 0.0937584 0.1093026 -0.1121762 -0.1213863 -0.1159735 -0.1507923 -0.1435037 -0.1472331 -0.1415605 -0.1322910 -0.1303004 -0.1317903 -0.1238057 -0.0503786 -0.1223545 -0.1242413 -0.1297766 -0.1355668 -0.1264409 -0.1356165 -0.1496047 0.0904742 0.1006674 0.2689022 0.2827512 0.2804928 0.2630767 0.1543984 0.1482883 -0.0850617 -0.0701575 -0.0794494 -0.0894564 -0.0861449 -0.0794462 -0.0901816 -0.0758178 -0.0719896 -0.0710798 -0.0768543 -0.0820179 -0.0656665 -0.0865218 -0.0741246 -0.1778945 -0.1842580 -0.1813249 -0.1816129 -0.1837741 -0.1863812 -0.1866096 -0.1839911 -0.1882856 -0.1818657 -0.1829234 -0.1843555 -0.1858089 -0.1853914 -0.1859290 -0.1833056 -0.1460990 -0.1467995 -0.1505140 -0.1433720 -0.1430991 -0.1458120 -0.1491254 -0.1494597
0.4018289 0.2720672 0.2556600 0.3981613 1.1397157 0.2771111 0.3978990 0.3962781 0.3888084 0.3959162 0.2600619 0.4006788 0.2678926 0.2675554 0.2740008 0.2717250 0.2677163 0.2783268 0.2657195 0.2518289 -0.1647031 -0.1649374 -0.1601052 -0.1642405 -0.1662353 -0.1662827 -0.1645440 -0.1628169 -0.1640812 0.1096852 0.1166052 0.1150278 0.1171046 0.1196028 0.1254571 0.1106146 0.1114223 0.1205911 -0.1532290 -0.1521576 -0.1567991 -0.1559817 -0.1454534 -0.1556327 -0.1572244 -0.1571469 -0.1551712 -0.0753458 -0.0656697 -0.0653874 -0.0721496 -0.0663485 -0.0689238 -0.0761842 -0.0689344 -0.0649558 0.0060813 -0.0052319 -0.0100511 0.0046520 -0.0001334 -0.0101961 0.0012307 -0.0017477 0.0071989 0.0003253 0.2144348 0.2416981 0.2792732 0.2563384 0.2430516 -0.1212913 -0.1226424 -0.1321373 -0.1360793 -0.1465455 0.3251841 0.2614675 0.2721038 0.2818109 0.2792388 0.2710612 -0.0932532 -0.0979046 -0.1167883 -0.1319663 -0.0988778 -0.1167749 0.1072782 0.1034152 0.0897932 0.1059713 -0.1093768 -0.1180362 -0.1140163 -0.1510406 -0.1447890 -0.1481033 -0.1413880 -0.1285477 -0.1268287 -0.1273429 -0.1212803 -0.0490741 -0.1180181 -0.1199991 -0.1264412 -0.1316046 -0.1236766 -0.1327714 -0.1461432 0.0853232 0.0939981 0.2692638 0.2791520 0.2818926 0.2645610 0.1451808 0.1388752 -0.0803370 -0.0705717 -0.0785510 -0.0851269 -0.0812003 -0.0724379 -0.0862423 -0.0798009 -0.0751641 -0.0709889 -0.0747860 -0.0798225 -0.0653673 -0.0826291 -0.0775489 -0.1821493 -0.1820321 -0.1853247 -0.1795541 -0.1843366 -0.1843476 -0.1848004 -0.1856894 -0.1863633 -0.1813665 -0.1814428 -0.1844632 -0.1823114 -0.1855546 -0.1841590 -0.1820423 -0.1471669 -0.1392096 -0.1467788 -0.1404900 -0.1420866 -0.1467541 -0.1435493 -0.1439377
0.2742441 0.3073424 0.2953926 0.2743665 0.2771111 1.1130736 0.2754357 0.2773604 0.2747561 0.2682695 0.2892429 0.2719109 0.3070053 0.2921487 0.2912413 0.3016317 0.2985687 0.8901091 0.3012362 0.2851352 -0.1489531 -0.1483234 -0.1455059 -0.1511144 -0.1466756 -0.1496848 -0.1515249 -0.1449164 -0.1501107 0.0869801 0.0964413 0.0948318 0.0973514 0.1024981 0.0932183 0.0873080 0.0850855 0.1034535 -0.1426820 -0.1431273 -0.1423399 -0.1462990 -0.1381465 -0.1452524 -0.1454152 -0.1440624 -0.1437707 -0.0585241 -0.0562117 -0.0556708 -0.0640673 -0.0576513 -0.0615787 -0.0598595 -0.0542381 -0.0552169 -0.0043309 -0.0145537 -0.0187161 -0.0116789 -0.0137469 -0.0191174 -0.0191549 -0.0142479 -0.0106235 -0.0177199 0.1693318 0.1989547 0.2273516 0.2066481 0.1982288 -0.1085587 -0.1088246 -0.1180417 -0.1237995 -0.1348690 0.2621417 0.2097841 0.2159871 0.2319729 0.2274260 0.2194381 -0.0940191 -0.0977401 -0.1134550 -0.1253684 -0.0967630 -0.1126863 0.0897354 0.0883293 0.0756181 0.0840036 -0.1001624 -0.1080275 -0.1026542 -0.1359585 -0.1314328 -0.1335822 -0.1281175 -0.1154907 -0.1150783 -0.1144603 -0.1091539 -0.0406253 -0.1171191 -0.1177093 -0.1210764 -0.1267328 -0.1189042 -0.1268708 -0.1386971 0.0651675 0.0712928 0.2177991 0.2312936 0.2308711 0.2179465 0.1136521 0.1059898 -0.0687178 -0.0579524 -0.0621649 -0.0767577 -0.0696284 -0.0615732 -0.0788444 -0.0644454 -0.0614469 -0.0496826 -0.0668694 -0.0684401 -0.0531848 -0.0758933 -0.0622935 -0.1645294 -0.1705962 -0.1697312 -0.1668499 -0.1695766 -0.1690699 -0.1709744 -0.1678877 -0.1695607 -0.1656933 -0.1645195 -0.1720953 -0.1680371 -0.1706836 -0.1686092 -0.1652889 -0.1271592 -0.1248873 -0.1311106 -0.1247296 -0.1269935 -0.1273605 -0.1273617 -0.1324666
0.4598199 0.2754288 0.2532011 0.4008968 0.3978990 0.2754357 1.1640826 0.4842893 0.4045140 0.4062089 0.2474902 0.4588642 0.2694357 0.2714747 0.2737975 0.2698622 0.2649318 0.2774621 0.2625087 0.2627111 -0.1629992 -0.1614899 -0.1625729 -0.1642796 -0.1667555 -0.1651264 -0.1653931 -0.1626507 -0.1629594 0.1000660 0.1112566 0.1093060 0.1112279 0.1119161 0.1202195 0.1039477 0.1032823 0.1157039 -0.1569841 -0.1533647 -0.1572329 -0.1579166 -0.1505644 -0.1534426 -0.1579050 -0.1564296 -0.1579339 -0.0748976 -0.0656536 -0.0675726 -0.0696558 -0.0674300 -0.0706668 -0.0762434 -0.0680724 -0.0647357 0.0020527 -0.0050282 -0.0132140 0.0009310 -0.0025145 -0.0125435 -0.0058680 -0.0027334 0.0031298 -0.0000326 0.2179045 0.2478771 0.2879760 0.2579218 0.2498668 -0.1230183 -0.1242814 -0.1337921 -0.1367093 -0.1476875 0.3315019 0.2681160 0.2810352 0.2928326 0.2909261 0.2805756 -0.0948651 -0.0990750 -0.1201065 -0.1352905 -0.1010874 -0.1172408 0.1079669 0.1036699 0.0891983 0.1061541 -0.1129123 -0.1224566 -0.1190641 -0.1520605 -0.1461992 -0.1480976 -0.1422735 -0.1309692 -0.1280527 -0.1299785 -0.1227694 -0.0561259 -0.1209133 -0.1225320 -0.1289819 -0.1343902 -0.1255644 -0.1347264 -0.1486653 0.0828747 0.0905918 0.2778286 0.2903040 0.2925852 0.2712024 0.1393354 0.1339487 -0.0880562 -0.0769357 -0.0869539 -0.0927560 -0.0887455 -0.0831167 -0.0936666 -0.0876231 -0.0795093 -0.0773885 -0.0817964 -0.0893969 -0.0740301 -0.0897660 -0.0852888 -0.1827314 -0.1838902 -0.1842723 -0.1871812 -0.1872979 -0.1843339 -0.1844823 -0.1870424 -0.1885562 -0.1828113 -0.1827966 -0.1871145 -0.1873816 -0.1863256 -0.1870000 -0.1840346 -0.1468519 -0.1422176 -0.1485654 -0.1411918 -0.1419744 -0.1455142 -0.1442643 -0.1454102
0.4633846 0.2769237 0.2636042 0.4021618 0.3962781 0.2773604 0.4842893 1.1533929 0.3988900 0.4073646 0.2514061 0.4618202 0.2761510 0.2750487 0.2761581 0.2846264 0.2740541 0.2793486 0.2729501 0.2601761 -0.1616469 -0.1650875 -0.1591278 -0.1641014 -0.1630602 -0.1666734 -0.1659453 -0.1644732 -0.1644657 0.0975251 0.1130749 0.1036000 0.1102613 0.1132195 0.1140845 0.1005998 0.1018275 0.1172115 -0.1536259 -0.1519886 -0.1565781 -0.1591398 -0.1496422 -0.1566450 -0.1547360 -0.1587976 -0.1560670 -0.0717468 -0.0651923 -0.0629834 -0.0705714 -0.0690112 -0.0712280 -0.0730213 -0.0673383 -0.0635319 0.0054190 -0.0020275 -0.0076549 0.0057849 0.0034545 -0.0076184 -0.0030954 0.0001421 0.0100520 0.0003370 0.2136318 0.2446647 0.2838708 0.2557078 0.2452330 -0.1247054 -0.1269592 -0.1357145 -0.1380726 -0.1489869 0.3330891 0.2687118 0.2795435 0.2890661 0.2921716 0.2771030 -0.0964179 -0.1006972 -0.1205319 -0.1368447 -0.1025153 -0.1199050 0.1070507 0.1012428 0.0891334 0.1044197 -0.1135989 -0.1224695 -0.1179737 -0.1530157 -0.1466801 -0.1493072 -0.1431023 -0.1331471 -0.1312479 -0.1319095 -0.1255574 -0.0569484 -0.1220156 -0.1238618 -0.1297108 -0.1347751 -0.1259151 -0.1359193 -0.1501748 0.0800372 0.0874475 0.2733629 0.2913228 0.2898129 0.2689768 0.1381225 0.1306487 -0.0873794 -0.0793313 -0.0872287 -0.0951070 -0.0882808 -0.0826771 -0.0961442 -0.0891135 -0.0796404 -0.0781660 -0.0821071 -0.0905031 -0.0693028 -0.0922210 -0.0866797 -0.1836862 -0.1848332 -0.1878891 -0.1851570 -0.1877951 -0.1859585 -0.1876449 -0.1857966 -0.1892050 -0.1834932 -0.1848263 -0.1833964 -0.1874599 -0.1878664 -0.1865573 -0.1839664 -0.1501367 -0.1444560 -0.1512986 -0.1464837 -0.1429608 -0.1527012 -0.1487299 -0.1508963
0.4133806 0.2714757 0.2513168 0.3915318 0.3888084 0.2747561 0.4045140 0.3988900 1.1482904 0.3970140 0.2552347 0.4115303 0.2677949 0.2675206 0.2660885 0.2757890 0.2619747 0.2762667 0.2598531 0.2625118 -0.1626293 -0.1659590 -0.1577239 -0.1636774 -0.1602972 -0.1668267 -0.1630028 -0.1608109 -0.1641788 0.1096138 0.1188814 0.1138831 0.1191685 0.1175133 0.1262544 0.1166164 0.1079650 0.1201873 -0.1528067 -0.1495344 -0.1543237 -0.1584208 -0.1460207 -0.1578516 -0.1531348 -0.1564663 -0.1535646 -0.0705306 -0.0661136 -0.0605652 -0.0690758 -0.0660933 -0.0660587 -0.0717868 -0.0628295 -0.0635958 -0.0021194 -0.0063260 -0.0181652 0.0010791 -0.0040228 -0.0174880 -0.0064385 -0.0067619 0.0050825 -0.0059477 0.2155459 0.2411720 0.2776797 0.2566533 0.2422535 -0.1184037 -0.1192077 -0.1286856 -0.1359128 -0.1455838 0.3252154 0.2629206 0.2735605 0.2847607 0.2829744 0.2725408 -0.0941630 -0.0990603 -0.1171313 -0.1320395 -0.0984835 -0.1164860 0.1080652 0.1044481 0.0898095 0.1063626 -0.1098259 -0.1176822 -0.1147750 -0.1507808 -0.1448844 -0.1474772 -0.1416731 -0.1264941 -0.1246066 -0.1256461 -0.1183517 -0.0520897 -0.1193575 -0.1206722 -0.1276372 -0.1333212 -0.1249900 -0.1338326 -0.1466677 0.0858313 0.0932927 0.2685589 0.2825138 0.2825838 0.2651775 0.1446675 0.1381031 -0.0839793 -0.0750814 -0.0813317 -0.0898622 -0.0846098 -0.0798076 -0.0910454 -0.0831618 -0.0738693 -0.0744142 -0.0759484 -0.0854424 -0.0670410 -0.0870942 -0.0810671 -0.1801533 -0.1818607 -0.1837869 -0.1809609 -0.1829842 -0.1850675 -0.1873935 -0.1820977 -0.1858186 -0.1812157 -0.1796167 -0.1810602 -0.1812751 -0.1852384 -0.1812457 -0.1809968 -0.1380012 -0.1374088 -0.1434849 -0.1377736 -0.1361021 -0.1417878 -0.1406231 -0.1449362
0.4063589 0.2668801 0.2515232 0.4017008 0.3959162 0.2682695 0.4062089 0.4073646 0.3970140 1.1520073 0.2584553 0.4040622 0.2724111 0.2552753 0.2685415 0.2695051 0.2691310 0.2698189 0.2698074 0.2486577 -0.1596275 -0.1603643 -0.1583380 -0.1584495 -0.1636058 -0.1616373 -0.1611729 -0.1614378 -0.1623249 0.1123386 0.1207680 0.1209761 0.1228011 0.1218237 0.1293297 0.1121923 0.1139678 0.1263702 -0.1515347 -0.1497379 -0.1541215 -0.1522219 -0.1474485 -0.1534131 -0.1529859 -0.1536533 -0.1540040 -0.0737689 -0.0637566 -0.0668845 -0.0743410 -0.0699871 -0.0685999 -0.0750727 -0.0664449 -0.0647945 0.0025752 0.0000475 -0.0091597 -0.0006230 -0.0019128 -0.0091923 -0.0026808 -0.0048272 0.0024605 0.0007576 0.2155770 0.2447452 0.2818748 0.2555345 0.2445677 -0.1236978 -0.1248937 -0.1343855 -0.1365614 -0.1472689 0.3248298 0.2634584 0.2746825 0.2867287 0.2853173 0.2753338 -0.0932383 -0.0994837 -0.1182051 -0.1349994 -0.1010298 -0.1191835 0.1078854 0.1036894 0.0909632 0.1097071 -0.1121182 -0.1205718 -0.1166791 -0.1508615 -0.1441702 -0.1478366 -0.1405346 -0.1315671 -0.1296042 -0.1309467 -0.1230864 -0.0520987 -0.1200718 -0.1203516 -0.1267703 -0.1331462 -0.1238199 -0.1332746 -0.1467955 0.0832173 0.0945250 0.2689066 0.2842657 0.2815254 0.2649844 0.1483321 0.1391096 -0.0842779 -0.0745972 -0.0792238 -0.0933555 -0.0851267 -0.0791431 -0.0949056 -0.0828202 -0.0798576 -0.0750049 -0.0801832 -0.0801863 -0.0639069 -0.0909219 -0.0805254 -0.1828836 -0.1851120 -0.1866975 -0.1819938 -0.1852392 -0.1805311 -0.1853019 -0.1862450 -0.1887207 -0.1839014 -0.1835306 -0.1856830 -0.1866152 -0.1867773 -0.1825348 -0.1865819 -0.1473192 -0.1433689 -0.1492379 -0.1435639 -0.1430226 -0.1467303 -0.1451351 -0.1479772
0.2532083 0.2972403 0.2993337 0.2491681 0.2600619 0.2892429 0.2474902 0.2514061 0.2552347 0.2584553 1.1009128 0.2508714 0.2944431 0.2910538 0.3052454 0.2979768 0.2974130 0.2896414 0.3043425 0.2980710 -0.1397679 -0.1399990 -0.1366393 -0.1386243 -0.1383330 -0.1379006 -0.1405612 -0.1324576 -0.1400930 0.1081659 0.1102238 0.1058218 0.1127939 0.1165637 0.1113521 0.0992098 0.1025241 0.1105983 -0.1289906 -0.1311058 -0.1298600 -0.1328942 -0.1309558 -0.1350486 -0.1285814 -0.1306565 -0.1357643 -0.0523473 -0.0475412 -0.0529644 -0.0541338 -0.0423609 -0.0538248 -0.0539063 -0.0437491 -0.0452937 -0.0005295 -0.0078091 -0.0144693 -0.0012257 -0.0091631 -0.0140774 -0.0074265 -0.0086321 -0.0003605 -0.0056128 0.1569043 0.1857134 0.2074009 0.1907652 0.1805991 -0.1020299 -0.1030326 -0.1111224 -0.1179177 -0.1272847 0.2360764 0.1940148 0.1951580 0.2122619 0.2045907 0.1995116 -0.0862090 -0.0901698 -0.1063764 -0.1171931 -0.0908314 -0.1062923 0.0898744 0.0866975 0.0745104 0.0840230 -0.0932202 -0.1010352 -0.0954886 -0.1281936 -0.1236686 -0.1260655 -0.1203429 -0.1097140 -0.1091631 -0.1090264 -0.1022117 -0.0375085 -0.1068155 -0.1080228 -0.1117048 -0.1177789 -0.1096917 -0.1176427 -0.1282700 0.0708227 0.0785734 0.1957872 0.2109791 0.2085556 0.1956675 0.1230308 0.1175096 -0.0623249 -0.0526569 -0.0555237 -0.0652434 -0.0631477 -0.0574241 -0.0665422 -0.0627072 -0.0593564 -0.0519451 -0.0579147 -0.0608761 -0.0451234 -0.0625388 -0.0601488 -0.1573987 -0.1630480 -0.1618432 -0.1576140 -0.1601586 -0.1651904 -0.1588794 -0.1611198 -0.1627224 -0.1590616 -0.1589320 -0.1604202 -0.1618513 -0.1649302 -0.1645140 -0.1617802 -0.1217467 -0.1169680 -0.1248347 -0.1185748 -0.1213053 -0.1235318 -0.1227389 -0.1257264
0.9714774 0.2764235 0.2495437 0.4037059 0.4006788 0.2719109 0.4588642 0.4618202 0.4115303 0.4040622 0.2508714 1.1600541 0.2716668 0.2610290 0.2657466 0.2773671 0.2556346 0.2738204 0.2502181 0.2568527 -0.1699454 -0.1712865 -0.1694328 -0.1707830 -0.1720452 -0.1720285 -0.1712657 -0.1694253 -0.1696781 0.0964967 0.1026396 0.1051121 0.1005188 0.1097265 0.1150186 0.1022913 0.0953718 0.1121756 -0.1604300 -0.1590017 -0.1607068 -0.1643375 -0.1569208 -0.1616816 -0.1579590 -0.1631762 -0.1633043 -0.0812998 -0.0745709 -0.0719882 -0.0753892 -0.0721958 -0.0779133 -0.0822418 -0.0726839 -0.0700894 -0.0032580 -0.0114757 -0.0177832 -0.0047956 -0.0057483 -0.0181745 -0.0080517 -0.0108776 -0.0023721 -0.0038933 0.2228482 0.2498457 0.2958314 0.2638355 0.2519651 -0.1263186 -0.1284016 -0.1382308 -0.1423716 -0.1533439 0.3484642 0.2764663 0.2900691 0.3037084 0.3029270 0.2877451 -0.0986925 -0.1041237 -0.1235363 -0.1390364 -0.1043589 -0.1224429 0.1077442 0.1042928 0.0892802 0.1067312 -0.1157116 -0.1253949 -0.1210106 -0.1588630 -0.1523580 -0.1551240 -0.1481767 -0.1351985 -0.1332449 -0.1349397 -0.1268954 -0.0592697 -0.1255093 -0.1271840 -0.1331192 -0.1386172 -0.1294328 -0.1393200 -0.1536625 0.0795861 0.0896301 0.2832950 0.3002957 0.3007592 0.2815843 0.1370272 0.1292595 -0.0902743 -0.0821385 -0.0914236 -0.0965390 -0.0906928 -0.0837525 -0.0971803 -0.0908037 -0.0796745 -0.0797899 -0.0861965 -0.0923377 -0.0747023 -0.0935628 -0.0886620 -0.1861128 -0.1876718 -0.1921301 -0.1901918 -0.1899969 -0.1899137 -0.1903261 -0.1918197 -0.1924917 -0.1844499 -0.1861280 -0.1881703 -0.1907262 -0.1911681 -0.1940005 -0.1893792 -0.1497816 -0.1467959 -0.1542137 -0.1463762 -0.1426461 -0.1511462 -0.1481328 -0.1505908
0.2742359 0.3051309 0.2940748 0.2597049 0.2678926 0.3070053 0.2694357 0.2761510 0.2677949 0.2724111 0.2944431 0.2716668 1.0979490 0.2854473 0.3047903 0.3028674 0.3031942 0.3068441 0.3097597 0.2880360 -0.1448779 -0.1415629 -0.1417564 -0.1431765 -0.1433502 -0.1432554 -0.1433921 -0.1395383 -0.1460917 0.1011414 0.1046600 0.1080202 0.1118729 0.1110920 0.1074299 0.1058416 0.0991284 0.1125160 -0.1339454 -0.1373387 -0.1392383 -0.1370392 -0.1309201 -0.1362033 -0.1354620 -0.1373225 -0.1373642 -0.0528898 -0.0495319 -0.0488710 -0.0517510 -0.0468634 -0.0504116 -0.0544607 -0.0451676 -0.0476722 0.0008449 -0.0022964 -0.0118720 0.0016304 -0.0031129 -0.0120883 -0.0083515 -0.0024686 -0.0003354 -0.0021092 0.1624483 0.1915939 0.2149353 0.1979057 0.1864176 -0.1014048 -0.1026946 -0.1116976 -0.1210590 -0.1303889 0.2492454 0.2006535 0.2048636 0.2206628 0.2135559 0.2080232 -0.0893545 -0.0925048 -0.1097338 -0.1221496 -0.0937233 -0.1090865 0.0925445 0.0889709 0.0753172 0.0880178 -0.0954683 -0.1033938 -0.0992626 -0.1315046 -0.1262974 -0.1295211 -0.1241258 -0.1086436 -0.1078473 -0.1088951 -0.1022146 -0.0411852 -0.1107737 -0.1098285 -0.1150467 -0.1205502 -0.1116403 -0.1195417 -0.1322497 0.0700230 0.0765560 0.2055501 0.2181005 0.2188655 0.2056839 0.1203806 0.1154417 -0.0678161 -0.0542205 -0.0600633 -0.0737556 -0.0688292 -0.0631408 -0.0752099 -0.0666545 -0.0637136 -0.0539446 -0.0617311 -0.0692688 -0.0529877 -0.0715854 -0.0644129 -0.1632512 -0.1665362 -0.1671700 -0.1646428 -0.1667273 -0.1677892 -0.1644485 -0.1649079 -0.1678854 -0.1633583 -0.1628817 -0.1664223 -0.1631640 -0.1663599 -0.1680923 -0.1610469 -0.1222262 -0.1172803 -0.1237855 -0.1168618 -0.1192897 -0.1222555 -0.1212445 -0.1241947
0.2622812 0.2930465 0.2899160 0.2656080 0.2675554 0.2921487 0.2714747 0.2750487 0.2675206 0.2552753 0.2910538 0.2610290 0.2854473 1.0907897 0.2813816 0.2971278 0.2862739 0.2918625 0.2907439 0.2958615 -0.1431525 -0.1377252 -0.1389185 -0.1388797 -0.1392097 -0.1399435 -0.1425617 -0.1378770 -0.1421495 0.1013456 0.1100232 0.1055306 0.1107279 0.1094196 0.1136951 0.1025574 0.0969216 0.1143556 -0.1371089 -0.1337854 -0.1385221 -0.1411130 -0.1338767 -0.1385782 -0.1391404 -0.1372257 -0.1374350 -0.0578892 -0.0510682 -0.0543012 -0.0559096 -0.0508318 -0.0510729 -0.0595304 -0.0519783 -0.0515320 0.0020030 -0.0077342 -0.0130493 0.0012056 -0.0052911 -0.0130779 -0.0140822 -0.0021109 0.0030265 -0.0081075 0.1656707 0.1940317 0.2176732 0.2008663 0.1896430 -0.1029928 -0.1039799 -0.1128830 -0.1188307 -0.1283567 0.2470749 0.1979203 0.2057795 0.2217431 0.2159163 0.2079644 -0.0877414 -0.0918209 -0.1090751 -0.1204544 -0.0924153 -0.1064604 0.0929297 0.0891507 0.0769531 0.0863177 -0.0933142 -0.1010904 -0.0974750 -0.1285013 -0.1242643 -0.1269124 -0.1208573 -0.1103868 -0.1080579 -0.1084807 -0.1030535 -0.0361680 -0.1087310 -0.1091090 -0.1151205 -0.1190502 -0.1117452 -0.1199742 -0.1316928 0.0708995 0.0766391 0.2070983 0.2154183 0.2166661 0.2029632 0.1232545 0.1180799 -0.0579320 -0.0527809 -0.0598303 -0.0684193 -0.0587814 -0.0562865 -0.0697985 -0.0626294 -0.0545497 -0.0481345 -0.0588779 -0.0600438 -0.0462069 -0.0673046 -0.0601897 -0.1598986 -0.1622371 -0.1666732 -0.1607441 -0.1644087 -0.1636572 -0.1635753 -0.1629365 -0.1654090 -0.1595489 -0.1611879 -0.1647003 -0.1633058 -0.1661612 -0.1650473 -0.1635499 -0.1241546 -0.1156829 -0.1287931 -0.1185412 -0.1223220 -0.1237751 -0.1198026 -0.1238794
0.2677455 0.3100991 0.3048149 0.2568964 0.2740008 0.2912413 0.2737975 0.2761581 0.2660885 0.2685415 0.3052454 0.2657466 0.3047903 0.2813816 1.1066573 0.2990840 0.3048154 0.2918565 0.3111665 0.3004717 -0.1419385 -0.1417118 -0.1381757 -0.1418050 -0.1443026 -0.1421960 -0.1466052 -0.1408018 -0.1420964 0.0932472 0.0988884 0.0964831 0.0910673 0.1020629 0.0969375 0.0912020 0.0883105 0.1000711 -0.1338964 -0.1299908 -0.1333563 -0.1366751 -0.1269337 -0.1340222 -0.1296162 -0.1327226 -0.1353397 -0.0536781 -0.0498144 -0.0491655 -0.0526364 -0.0437235 -0.0497066 -0.0549959 -0.0476558 -0.0438498 0.0028503 -0.0043851 -0.0093654 0.0016061 -0.0047709 -0.0095781 -0.0038277 -0.0012502 -0.0003082 0.0001124 0.1611824 0.1888157 0.2152132 0.1966856 0.1840710 -0.1020551 -0.1018769 -0.1103155 -0.1205200 -0.1300812 0.2477905 0.1988340 0.2059335 0.2172430 0.2133499 0.2067171 -0.0851558 -0.0886991 -0.1046793 -0.1202829 -0.0920309 -0.1071773 0.0873036 0.0863221 0.0718386 0.0823370 -0.0936309 -0.1018321 -0.0964167 -0.1304918 -0.1263361 -0.1282421 -0.1235842 -0.1090267 -0.1070627 -0.1081608 -0.1025001 -0.0398761 -0.1064425 -0.1076995 -0.1119241 -0.1170219 -0.1092920 -0.1172427 -0.1276383 0.0647127 0.0702168 0.2033260 0.2157888 0.2178529 0.2037610 0.1125021 0.1081318 -0.0627408 -0.0544975 -0.0624924 -0.0702636 -0.0637325 -0.0621543 -0.0717086 -0.0673265 -0.0632438 -0.0544153 -0.0591008 -0.0687206 -0.0484588 -0.0686352 -0.0645662 -0.1613274 -0.1628700 -0.1655508 -0.1607369 -0.1608296 -0.1646298 -0.1628862 -0.1630068 -0.1640822 -0.1607860 -0.1618510 -0.1633696 -0.1622170 -0.1653246 -0.1641432 -0.1626859 -0.1211994 -0.1184181 -0.1256367 -0.1180268 -0.1189824 -0.1195910 -0.1218769 -0.1239921
0.2791463 0.2979113 0.3058741 0.2750537 0.2717250 0.3016317 0.2698622 0.2846264 0.2757890 0.2695051 0.2979768 0.2773671 0.3028674 0.2971278 0.2990840 1.1095712 0.3046277 0.3021859 0.3099364 0.3052144 -0.1472493 -0.1436547 -0.1441664 -0.1446768 -0.1486481 -0.1456899 -0.1471943 -0.1424219 -0.1457668 0.1028525 0.1040858 0.0994778 0.1125708 0.1119103 0.1046660 0.0998257 0.1037295 0.1125499 -0.1371394 -0.1357888 -0.1364579 -0.1406563 -0.1347547 -0.1370817 -0.1366950 -0.1399222 -0.1356231 -0.0607561 -0.0534562 -0.0550146 -0.0592600 -0.0521536 -0.0571008 -0.0618559 -0.0547660 -0.0522510 -0.0044441 -0.0068517 -0.0152579 -0.0014356 -0.0043323 -0.0151078 -0.0115135 -0.0062357 -0.0018434 -0.0074259 0.1694117 0.1995664 0.2223330 0.2036152 0.1916197 -0.1090839 -0.1096413 -0.1184202 -0.1225773 -0.1314210 0.2572890 0.2065280 0.2094833 0.2247544 0.2198164 0.2113065 -0.0876107 -0.0925199 -0.1083050 -0.1221807 -0.0924162 -0.1090012 0.0933579 0.0906398 0.0773357 0.0881930 -0.0952670 -0.1040696 -0.0983746 -0.1344683 -0.1291746 -0.1319125 -0.1261962 -0.1149050 -0.1133704 -0.1136864 -0.1082854 -0.0380143 -0.1102166 -0.1094979 -0.1144081 -0.1203807 -0.1122183 -0.1201749 -0.1322053 0.0725964 0.0790423 0.2093956 0.2241958 0.2214292 0.2083142 0.1242215 0.1186390 -0.0637756 -0.0523586 -0.0590703 -0.0696486 -0.0649724 -0.0552812 -0.0710001 -0.0651477 -0.0541205 -0.0467742 -0.0550935 -0.0615738 -0.0472440 -0.0676744 -0.0621850 -0.1607793 -0.1659881 -0.1660970 -0.1610366 -0.1642542 -0.1684649 -0.1653811 -0.1647214 -0.1677701 -0.1635307 -0.1621376 -0.1669461 -0.1646845 -0.1662087 -0.1681877 -0.1646288 -0.1316583 -0.1229634 -0.1313467 -0.1255013 -0.1284463 -0.1294130 -0.1289178 -0.1310322
0.2578842 0.3121688 0.2848044 0.2612126 0.2677163 0.2985687 0.2649318 0.2740541 0.2619747 0.2691310 0.2974130 0.2556346 0.3031942 0.2862739 0.3048154 0.3046277 1.1154400 0.2989676 0.9559138 0.3079227 -0.1446084 -0.1478031 -0.1424276 -0.1456961 -0.1470375 -0.1456550 -0.1458532 -0.1431126 -0.1414870 0.0832396 0.0870592 0.0905147 0.0848213 0.1010699 0.0944799 0.0897319 0.0865487 0.1006140 -0.1446658 -0.1415585 -0.1467087 -0.1450702 -0.1413960 -0.1458425 -0.1466482 -0.1456006 -0.1458900 -0.0621702 -0.0518507 -0.0607449 -0.0567373 -0.0559382 -0.0585710 -0.0637048 -0.0577770 -0.0584179 -0.0102602 -0.0177782 -0.0190009 -0.0118882 -0.0149726 -0.0191802 -0.0213934 -0.0137290 -0.0054737 -0.0195301 0.1678821 0.1976213 0.2264336 0.2034147 0.1923230 -0.1073932 -0.1083645 -0.1158282 -0.1224385 -0.1320293 0.2623812 0.2049387 0.2118541 0.2298439 0.2219720 0.2166396 -0.0937222 -0.0986098 -0.1138008 -0.1283690 -0.0972467 -0.1133681 0.0899992 0.0901149 0.0739330 0.0830008 -0.0983000 -0.1060140 -0.1036996 -0.1308782 -0.1268609 -0.1290254 -0.1233968 -0.1149790 -0.1143082 -0.1136538 -0.1076675 -0.0409615 -0.1164356 -0.1182497 -0.1219073 -0.1259288 -0.1184476 -0.1254923 -0.1380337 0.0624242 0.0685416 0.2128779 0.2289112 0.2300361 0.2141019 0.1099517 0.1025970 -0.0667624 -0.0617960 -0.0660117 -0.0722280 -0.0679812 -0.0639253 -0.0737934 -0.0658162 -0.0649052 -0.0543439 -0.0705282 -0.0675013 -0.0521373 -0.0707863 -0.0633488 -0.1658998 -0.1684047 -0.1685088 -0.1655580 -0.1668743 -0.1698298 -0.1696739 -0.1701513 -0.1712070 -0.1650767 -0.1660981 -0.1699339 -0.1682919 -0.1707757 -0.1690476 -0.1663195 -0.1282817 -0.1256762 -0.1304296 -0.1239629 -0.1258369 -0.1278993 -0.1273149 -0.1283335
0.2762854 0.3070913 0.2955096 0.2759593 0.2783268 0.8901091 0.2774621 0.2793486 0.2762667 0.2698189 0.2896414 0.2738204 0.3068441 0.2918625 0.2918565 0.3021859 0.2989676 1.1145557 0.3017008 0.2855371 -0.1485586 -0.1480623 -0.1450164 -0.1508893 -0.1461276 -0.1494808 -0.1512810 -0.1438415 -0.1495870 0.0870619 0.0964007 0.0947773 0.0975535 0.1021448 0.0929499 0.0875205 0.0853584 0.1035242 -0.1424710 -0.1429349 -0.1420074 -0.1459420 -0.1381132 -0.1455716 -0.1451641 -0.1434705 -0.1437346 -0.0581332 -0.0561531 -0.0557033 -0.0642990 -0.0575586 -0.0618478 -0.0600451 -0.0542574 -0.0552634 -0.0045157 -0.0145216 -0.0186716 -0.0113311 -0.0140729 -0.0187033 -0.0192633 -0.0141978 -0.0100462 -0.0175890 0.1694787 0.1992187 0.2274446 0.2069854 0.1984557 -0.1091197 -0.1092928 -0.1185329 -0.1239867 -0.1349705 0.2625556 0.2100134 0.2164334 0.2325438 0.2276432 0.2199342 -0.0940999 -0.0978431 -0.1135767 -0.1257643 -0.0969809 -0.1129608 0.0896167 0.0882049 0.0754578 0.0840017 -0.1004760 -0.1083963 -0.1030824 -0.1360007 -0.1314852 -0.1333959 -0.1280077 -0.1158248 -0.1154230 -0.1150989 -0.1095167 -0.0410470 -0.1173044 -0.1176682 -0.1210473 -0.1269426 -0.1188382 -0.1270360 -0.1390966 0.0649471 0.0709693 0.2179966 0.2316969 0.2313771 0.2182113 0.1134202 0.1059103 -0.0692582 -0.0583186 -0.0627472 -0.0766402 -0.0701153 -0.0618467 -0.0790762 -0.0649446 -0.0615977 -0.0502184 -0.0668877 -0.0689706 -0.0528560 -0.0759701 -0.0627410 -0.1647078 -0.1708203 -0.1698817 -0.1671980 -0.1695710 -0.1690776 -0.1712621 -0.1682541 -0.1694330 -0.1658289 -0.1649491 -0.1719574 -0.1683286 -0.1709393 -0.1690611 -0.1655836 -0.1273996 -0.1250714 -0.1314847 -0.1252674 -0.1273264 -0.1278599 -0.1281100 -0.1330041
0.2528195 0.3193415 0.2899540 0.2606971 0.2657195 0.3012362 0.2625087 0.2729501 0.2598531 0.2698074 0.3043425 0.2502181 0.3097597 0.2907439 0.3111665 0.3099364 0.9559138 0.3017008 1.1258932 0.3158437 -0.1443565 -0.1491606 -0.1429465 -0.1469193 -0.1470319 -0.1460707 -0.1462144 -0.1427551 -0.1422253 0.0896916 0.0933014 0.0965920 0.0913452 0.1089581 0.1007150 0.0978652 0.0935982 0.1079057 -0.1431549 -0.1405814 -0.1453937 -0.1430893 -0.1394009 -0.1445736 -0.1450960 -0.1445284 -0.1449845 -0.0600961 -0.0490393 -0.0596490 -0.0555166 -0.0539392 -0.0564731 -0.0621435 -0.0557477 -0.0553326 -0.0066964 -0.0142941 -0.0143823 -0.0087827 -0.0123355 -0.0143925 -0.0182035 -0.0100202 -0.0013541 -0.0162138 0.1656605 0.1966860 0.2247073 0.2019994 0.1903616 -0.1108080 -0.1116890 -0.1192712 -0.1259492 -0.1353913 0.2602744 0.2027658 0.2088430 0.2282555 0.2193362 0.2143097 -0.0960529 -0.1010960 -0.1164407 -0.1320719 -0.1005083 -0.1169564 0.0892534 0.0892493 0.0730345 0.0817620 -0.1014261 -0.1094637 -0.1069297 -0.1340773 -0.1296816 -0.1319143 -0.1261397 -0.1184694 -0.1178196 -0.1170622 -0.1110971 -0.0435775 -0.1185722 -0.1203906 -0.1243321 -0.1284903 -0.1208950 -0.1280682 -0.1404149 0.0619186 0.0676098 0.2102537 0.2265325 0.2279406 0.2119135 0.1116278 0.1037484 -0.0692445 -0.0637685 -0.0675528 -0.0750862 -0.0702602 -0.0664923 -0.0762163 -0.0671177 -0.0661057 -0.0558395 -0.0728771 -0.0688480 -0.0512018 -0.0725686 -0.0651416 -0.1689632 -0.1722870 -0.1704928 -0.1674380 -0.1693743 -0.1727162 -0.1716799 -0.1722143 -0.1736462 -0.1681747 -0.1699611 -0.1719408 -0.1711234 -0.1735696 -0.1708689 -0.1686020 -0.1292608 -0.1272459 -0.1329779 -0.1273258 -0.1290631 -0.1309345 -0.1307934 -0.1320103
0.2587616 0.2999676 0.2956996 0.2519106 0.2518289 0.2851352 0.2627111 0.2601761 0.2625118 0.2486577 0.2980710 0.2568527 0.2880360 0.2958615 0.3004717 0.3052144 0.3079227 0.2855371 0.3158437 1.1029968 -0.1400450 -0.1409713 -0.1379927 -0.1420917 -0.1398098 -0.1432995 -0.1441005 -0.1373238 -0.1415181 0.0975680 0.1046875 0.1002266 0.1077137 0.1081850 0.1087525 0.1051580 0.1022711 0.1093485 -0.1353242 -0.1315228 -0.1321683 -0.1382394 -0.1306567 -0.1333872 -0.1309443 -0.1319479 -0.1347558 -0.0630515 -0.0509780 -0.0510912 -0.0582222 -0.0487543 -0.0533944 -0.0638094 -0.0514689 -0.0507158 -0.0049927 -0.0146268 -0.0153789 -0.0061692 -0.0129356 -0.0152815 -0.0157991 -0.0096125 -0.0064139 -0.0084144 0.1580571 0.1862835 0.2115063 0.1945853 0.1834059 -0.1030305 -0.1038127 -0.1111323 -0.1194912 -0.1282158 0.2399709 0.1921683 0.1989198 0.2125437 0.2066782 0.1999042 -0.0868889 -0.0896323 -0.1075742 -0.1193335 -0.0912111 -0.1041380 0.0890933 0.0858378 0.0737055 0.0833416 -0.0920075 -0.0995080 -0.0953642 -0.1298713 -0.1248626 -0.1273129 -0.1217689 -0.1097010 -0.1084364 -0.1081887 -0.1025927 -0.0336719 -0.1070516 -0.1074027 -0.1131922 -0.1178814 -0.1107762 -0.1191882 -0.1303827 0.0713054 0.0768286 0.1963182 0.2105514 0.2110489 0.1973258 0.1187558 0.1140112 -0.0558444 -0.0457464 -0.0495149 -0.0594114 -0.0567623 -0.0482397 -0.0605538 -0.0562657 -0.0502194 -0.0453436 -0.0553199 -0.0564057 -0.0404360 -0.0569941 -0.0537555 -0.1559819 -0.1617143 -0.1612014 -0.1586462 -0.1606269 -0.1649584 -0.1606796 -0.1601470 -0.1636129 -0.1565304 -0.1573819 -0.1617714 -0.1606580 -0.1605188 -0.1601148 -0.1580175 -0.1209478 -0.1177933 -0.1227244 -0.1173542 -0.1180219 -0.1222838 -0.1237620 -0.1227189
-0.1690632 -0.1389309 -0.1387008 -0.1613709 -0.1647031 -0.1489531 -0.1629992 -0.1616469 -0.1626293 -0.1596275 -0.1397679 -0.1699454 -0.1448779 -0.1431525 -0.1419385 -0.1472493 -0.1446084 -0.1485586 -0.1443565 -0.1400450 1.1474864 0.3462487 0.3437351 0.3375996 0.3352045 0.3782702 0.3438987 0.3436296 0.3394540 -0.1629917 -0.1628306 -0.1621450 -0.1614567 -0.1630602 -0.1654117 -0.1602789 -0.1578744 -0.1673314 0.0568877 0.0504565 0.0613150 0.0652404 0.0594058 0.0677099 0.0590616 0.0614600 0.0620406 -0.0113819 -0.0077700 -0.0119823 -0.0140718 -0.0117043 -0.0095716 -0.0109983 -0.0103218 -0.0118799 -0.0501719 -0.0572349 -0.0604744 -0.0586503 -0.0595952 -0.0602328 -0.0620268 -0.0578276 -0.0630865 -0.0622516 -0.1295031 -0.1516645 -0.1471241 -0.1556960 -0.1429240 0.0068922 0.0086296 0.0104857 0.1855087 0.2013063 -0.1509628 -0.1389732 -0.1374071 -0.1427669 -0.1418199 -0.1375332 0.0268961 0.0216374 0.0349065 0.0572782 0.0325415 0.0459822 -0.1087877 -0.1022958 -0.0985871 -0.1040077 0.0250682 0.0308632 0.0272706 0.2988519 0.2907348 0.2924481 0.2858756 0.0139396 0.0140159 0.0122543 0.0071560 -0.0449131 0.0287202 0.0290709 0.0777536 0.0717300 0.0818661 0.0853818 0.0806816 -0.1130831 -0.1188742 -0.1353039 -0.1359062 -0.1376410 -0.1324373 -0.1559517 -0.1525068 -0.0644650 -0.0584063 -0.0490130 -0.0634668 -0.0686110 -0.0623915 -0.0611084 -0.0683299 -0.0552906 -0.0575285 -0.0693227 -0.0493798 -0.0594760 -0.0656288 -0.0677056 0.1304005 0.1183718 0.1335668 0.1287906 0.1281776 0.1432222 0.1238262 0.1408243 0.1401438 0.1378271 0.1202616 0.1332821 0.1237174 0.1281845 0.1392810 0.1358526 0.0208846 0.0117673 0.0161087 0.0071748 0.0118965 0.0123622 0.0079362 0.0121035
-0.1712967 -0.1410015 -0.1403058 -0.1628094 -0.1649374 -0.1483234 -0.1614899 -0.1650875 -0.1659590 -0.1603643 -0.1399990 -0.1712865 -0.1415629 -0.1377252 -0.1417118 -0.1436547 -0.1478031 -0.1480623 -0.1491606 -0.1409713 0.3462487 1.1482286 0.3357492 0.3425282 0.3310552 0.3495038 0.3507465 0.3367425 0.3484634 -0.1675120 -0.1720495 -0.1668080 -0.1643774 -0.1710473 -0.1708140 -0.1676238 -0.1657389 -0.1707690 0.0489633 0.0451275 0.0592882 0.0605615 0.0567237 0.0548858 0.0517201 0.0548622 0.0577838 -0.0075124 -0.0064587 -0.0125657 -0.0100499 -0.0093903 -0.0066173 -0.0067507 -0.0066001 -0.0096373 -0.0497750 -0.0581110 -0.0613536 -0.0572940 -0.0588556 -0.0614297 -0.0631839 -0.0591805 -0.0618121 -0.0620926 -0.1285021 -0.1490043 -0.1460922 -0.1545961 -0.1418820 0.0120619 0.0129849 0.0150050 0.1877162 0.2022331 -0.1488595 -0.1375207 -0.1364238 -0.1410805 -0.1392421 -0.1357903 0.0240486 0.0208236 0.0329688 0.0602609 0.0341991 0.0496123 -0.1082244 -0.1021689 -0.0987018 -0.1033778 0.0285729 0.0345999 0.0306541 0.2992126 0.2886145 0.2932494 0.2854930 0.0162168 0.0163055 0.0155702 0.0106053 -0.0428467 0.0284269 0.0269996 0.0760080 0.0701450 0.0797364 0.0846657 0.0794007 -0.1118808 -0.1175583 -0.1331382 -0.1337407 -0.1346949 -0.1302570 -0.1579244 -0.1540994 -0.0645812 -0.0586590 -0.0489163 -0.0618776 -0.0693177 -0.0614585 -0.0609544 -0.0681005 -0.0535428 -0.0543978 -0.0636382 -0.0503170 -0.0643539 -0.0652045 -0.0667543 0.1371953 0.1219068 0.1325744 0.1367454 0.1282555 0.1475770 0.1345887 0.1427069 0.1352238 0.1443264 0.1275061 0.1378393 0.1283889 0.1320323 0.1440004 0.1408547 0.0226625 0.0117100 0.0188377 0.0118051 0.0130026 0.0164331 0.0135250 0.0152212
-0.1684833 -0.1378762 -0.1370019 -0.1577281 -0.1601052 -0.1455059 -0.1625729 -0.1591278 -0.1577239 -0.1583380 -0.1366393 -0.1694328 -0.1417564 -0.1389185 -0.1381757 -0.1441664 -0.1424276 -0.1450164 -0.1429465 -0.1379927 0.3437351 0.3357492 1.1519451 0.3425324 0.3367524 0.3362806 0.3407834 0.3415405 0.3357200 -0.1705378 -0.1682646 -0.1687133 -0.1670092 -0.1687368 -0.1699786 -0.1639866 -0.1678461 -0.1701936 0.0552206 0.0565888 0.0707197 0.0646028 0.0639534 0.0607417 0.0613757 0.0609774 0.0579195 -0.0035453 -0.0054008 -0.0038717 -0.0078000 -0.0053905 -0.0022580 -0.0036986 -0.0033942 -0.0060260 -0.0495029 -0.0551311 -0.0592624 -0.0494755 -0.0581817 -0.0589065 -0.0590133 -0.0562038 -0.0578831 -0.0624924 -0.1284555 -0.1508382 -0.1466340 -0.1553686 -0.1433746 0.0118257 0.0140038 0.0173422 0.1833542 0.1981073 -0.1484016 -0.1369768 -0.1363948 -0.1410156 -0.1402221 -0.1358258 0.0268788 0.0233575 0.0356237 0.0559485 0.0286833 0.0451953 -0.1080515 -0.1023442 -0.0984077 -0.1041053 0.0241465 0.0305995 0.0275148 0.2950366 0.2838192 0.2881032 0.2811944 0.0188061 0.0188199 0.0180899 0.0130213 -0.0449982 0.0323853 0.0285795 0.0779558 0.0729290 0.0811650 0.0855088 0.0806766 -0.1143888 -0.1208646 -0.1323834 -0.1329737 -0.1350961 -0.1304729 -0.1595143 -0.1555030 -0.0636386 -0.0584249 -0.0542999 -0.0621739 -0.0684125 -0.0620192 -0.0610392 -0.0697432 -0.0559277 -0.0594389 -0.0700378 -0.0547229 -0.0643952 -0.0642444 -0.0684437 0.1278542 0.1139338 0.1282694 0.1314789 0.1266990 0.1351843 0.1264853 0.1358090 0.1328390 0.1303030 0.1194883 0.1276275 0.1240102 0.1274489 0.1292175 0.1373957 0.0257283 0.0178028 0.0174788 0.0145957 0.0173322 0.0190633 0.0203281 0.0186325
